1 9.1 9.1 1.5 
2 10.5 10.5 1.0
3 11.0 11.0 1.7
4 3.5 1.2 2.3
5 2.7 10.3 2.9
6 4.5 6.7 2.1
7 19.9 10.10 3
8 1.1 2.4 3.9
9 10.0 9.0 3.3
10 0.0 0.0 1.2
-1
100 8.5 9.0 12.0
200 1.0 1.0 10
300 2.0 2.0 15
-1
%call dist/Debug/GNU-Linux/parcial  -r 5.0 < data/prueba1.txt
10
1->(9.1,9.1,1.5),
2->(10.5,10.5,1),
3->(11,11,1.7),
4->(3.5,1.2,2.3),
5->(2.7,10.3,2.9),
6->(4.5,6.7,2.1),
7->(19.9,10.1,3),
8->(1.1,2.4,3.9),
9->(10,9,3.3),
10->(0,0,1.2),
3
100->(8.5,9,12),
200->(1,1,10),
300->(2,2,15),
2
5->(2.7,10.3,2.9),
7->(19.9,10.1,3),
