 10 40
  1  3  5  7  9 10 11 12 13 15 17 19 20 21 23 25 27 29 30 33 35 37 38 39 41 43 46 47 49 51 53 54 57 58 58 59 60 60 60 60
  1  5  5  5  6  8  8 10 11 11 12 12 12 15 20 25 26 26 26 26 28 30 32 40 45 50 50 50 51 52 52 52 54 54 54 56 56 58 59 60
  1  1  1  3  3  4  4  4  6  8  8 10 12 13 15 16 18 20 23 24 24 26 28 30 32 34 36 38 40 42 44 46 47 50 52 54 56 58 60 60
  3  3  5  5  7  7  9  9 11 11 13 13 15 15 17 17 21 21 21 21 27 27 29 29 30 33 36 37 39 41 43 45 47 47 49 51 51 51 53 54
  1  5  5  5  6  8  8 10 11 11 12 13 15 15 15 20 25 26 26 26 27 27 29 29 30 33 36 37 39 41 43 45 46 47 47 50 52 54 56 58
  1  1  1  3  3  4  4  5  5  7  9 10 11 12 13 15 17 19 21 21 25 41 43 44 45 46 47 49 51 52 53 54 54 56 56 57 58 59 59 60
  1  1  1  1  1  3  3  4  4  4  5  6  7  8  9 10 10 10 30 30 32 26 37 38 39 40 40 53 53 54 56 56 56 56 57 57 58 59 60 60
 10 10 11 11 12 12 13 15 16 16 18 18 20 20 24 25 26 26 26 26 28 40 41 42 43 43 44 44 45 45 46 47 47 47 47 49 49 49 50 50
  1  3  4  5  5  7 10 11 11 13 17 20 20 21 24 27 30 30 30 33 37 38 39 40 30 30 43 45 45 46 49 50 50 53 53 54 54 57 58 59 
 65 65 65 65 65 65 65 65 65 65 65 65 65 65 65 65 65 65 65 65 65 65 65 65 65 65 65 65 65 65 65 65 65 65 65 65 65 65 65 65
 
